00110100000100010000000000001100
00000011101100011110100000100011
10101111101010010000000000001000
10101111101010000000000000000100
10101111101100000000000000000000
00110100000001000000000000000000
00110100000001010000000000000001
00110100000001100000000000000010
00110100000001110000000000000011
00000000100001100100000000100001
00000000101001110100100000100001
00010001000010010000000000000010
00000000101001100010100000100001
00010000000000000000000000000001
00110100000010000000000000000101
00010000101001110000000000000010
00000000111001100011100000100011
00010000000000000000000000000011
00111100000010010000000000000010
00000001000010011000000000100001
00000010000000000001000000100011
10001111101100000000000000000000
10001111101010000000000000000100
10001111101010010000000000001000
00000011101100011110100000100001
